%read adc, write,FFT, Control
TaskTimes=[136,12,1568,48
136,12,1692,48
136,12,564,48
136,12,1572,48
136,12,1276,48
136,12,1164,48
132,12,1196,48
136,12,1100,76
136,12,1092,76
136,12,1096,80
136,12,968,80
136,12,300,80
136,12,284,76
136,12,1220,76
136,12,1192,76
136,12,180,76
136,12,140,76
136,12,932,48
136,12,1076,76
136,12,1036,76
136,12,1044,76
136,12,1140,76
136,12,1156,76
136,12,1156,76
136,12,1020,76
136,12,1176,76
136,12,1292,76
136,12,960,76
136,12,1128,76
136,12,1204,76
136,12,892,76
136,12,1248,76
136,12,788,76
136,12,1392,76
136,12,868,76
136,12,1176,76
136,12,1168,76
136,12,1164,76
136,12,1036,76
136,12,1112,48
136,12,1036,48
136,12,1224,76
136,12,1036,76
136,12,1128,76
136,12,1120,76
136,12,1164,76
136,12,1320,48
136,12,1100,76
136,8,1160,76
136,12,1156,76
136,12,1100,76
136,12,1124,76
136,12,1328,76
136,12,1180,76
136,12,1100,76
136,12,1188,76
136,12,1044,76
136,12,312,80
136,12,268,80
136,12,1256,48
136,12,1148,76
136,12,140,76
136,12,180,76
136,12,232,80
136,12,1180,76
136,12,1240,48
136,12,1184,48
136,12,1100,72
136,12,1232,48
136,12,1036,76
136,12,1164,72
136,12,1172,72
136,12,1372,72
136,12,864,76
136,12,1100,76
136,12,1032,76
136,12,1148,76
136,12,40,76
136,12,1112,76
136,12,1220,76
136,12,1072,80
136,12,1048,48
136,12,1120,76
136,12,1156,76
136,12,1352,76
136,12,1032,80
136,12,1332,76
136,12,1228,76
136,12,1324,76
136,12,1264,76
136,12,1044,76
136,12,1240,72
136,12,912,72
136,12,1100,76
136,12,1140,76
136,12,744,76
136,8,860,76
136,12,884,76
136,12,1172,76
136,12,712,80
136,12,1156,76
136,12,1128,80
136,12,156,80
136,8,180,76
136,12,1140,76
136,12,1096,48
136,12,1204,80
136,12,1192,80
136,12,1088,48
136,12,1024,80
136,12,984,76
136,12,1116,76
136,12,1028,76
136,12,1172,76
136,12,1172,76
136,12,1220,76
136,12,1140,76
136,12,1088,76
136,12,1268,76
136,12,1200,76
136,12,992,80
136,12,1172,76
136,12,1108,76
136,12,1148,76
136,12,1088,76
136,12,100,76
136,12,1116,76
136,12,1240,76
132,12,204,80
136,12,1264,76
136,12,1156,76
136,12,1224,76
136,12,1152,76
136,12,232,80
136,12,1204,76
136,12,1056,76
136,12,1176,76
136,12,1260,76
136,12,1096,76
136,12,1116,76
136,12,1296,80
136,12,1220,76
136,12,1172,76
136,12,1204,76
136,12,1096,80
136,12,1168,76
136,12,984,76
136,12,1376,76
136,12,1236,76
136,12,1308,80
136,12,988,80
136,12,592,80
136,12,1240,80
136,12,492,80
136,12,1104,48
136,12,56,80
136,12,872,48
136,12,1216,44
136,12,1292,48
136,12,1076,48
136,12,1128,48
136,12,1120,48
136,12,1132,76
136,12,1056,76
136,12,84,76
136,12,1160,76
136,12,1296,76
136,12,732,80
136,12,932,80
136,12,1188,76
136,12,200,76
136,12,1204,76
136,12,1160,48
136,12,1056,48
136,12,1020,76
136,12,856,80
136,12,1028,80
136,12,132,80
136,12,1096,76
136,12,1084,48
136,12,1352,76
136,12,1160,76
136,12,1228,48
136,12,1076,76
136,12,1152,76
136,12,1272,76
136,12,1188,76
136,12,1248,76
136,12,1088,76
136,12,1428,76
136,12,1212,76
136,12,1136,76
136,12,1096,76
136,12,856,80
136,12,1080,76
136,12,104,76
136,12,140,76
136,12,1056,76
136,12,1156,76
136,12,1128,76
136,12,1256,76
136,12,1208,48
136,12,1208,76
136,12,1248,76
136,12,1216,76
136,12,1084,72
136,12,1240,72
136,12,1208,72
136,12,1208,76
136,12,948,80
136,12,1172,76
136,12,1796,80
136,12,1048,80
136,12,980,76
136,12,1104,76
136,12,1228,76
136,12,1848,48
136,12,1204,80
136,12,312,76
136,12,104,76
132,12,268,80
136,12,144,48
136,12,1080,76
136,12,1080,76
136,12,860,76
136,12,1132,80
136,12,1152,48
136,12,1252,76
136,12,1064,76
136,12,96,76
136,12,1056,76
136,12,856,76
136,12,1284,80
136,12,1188,76
136,12,1140,76
136,12,1132,76
136,12,1288,76
136,12,1128,76
136,12,1332,76
132,12,1336,48
136,12,1748,48
136,12,196,80
136,12,1196,48
136,12,1188,76
136,12,1300,80
136,12,1232,48
136,12,1196,76
136,12,1188,76
136,12,1284,48
136,12,364,48
136,12,220,80
136,12,1032,40
136,12,1192,80
136,12,1204,80
136,12,1040,48
136,12,888,76
136,12,1392,72
136,12,900,80
136,12,1220,80
136,12,1088,48
136,12,256,48
136,12,980,48
136,12,888,76
136,12,1068,80
136,12,1272,48
136,12,1024,48
136,12,1116,76
132,12,1432,76
136,12,944,76
136,12,1012,80
132,12,176,76
136,12,1208,80
136,12,1136,76
136,12,980,80
136,12,1268,80
136,12,1280,48
136,12,1180,80
136,12,936,76
132,12,1096,80
132,12,1132,80
136,12,156,80
136,12,1064,48
136,12,1208,48
136,12,1176,48
136,12,336,48
136,12,288,80
136,12,312,48
136,12,1424,80
136,12,1220,48];
%rest
